name property WF d_band_center eg_band_center U_band_center p_band_center PE IE EA d_band_filling eg_band_filling T2g_band_filling d_dos_EF p_band_filling bader_charge aver_bader site_Od iso_corr
Ag100cuscusMOH 0.5128 6.7236 -3.2323 -3.2133 0.3088 -3.2257 1.9300 7.5760 1.3040 9.4528 3.7557 5.6980 0.7000 4.6204 10.0236 11.9498 3.7113 4.8596
Ag110bricusRuOH 0.6677 7.0919 -1.3375 -4.7504 1.8847 -4.0379 2.2000 7.3610 1.0460 6.0681 1.4867 4.5821 1.2192 4.7500 14.2519 13.0316 3.9219 3.6005
Ag110cuscusMOH 0.5203 6.9431 -3.2460 -3.0952 0.4952 -3.6701 1.9300 7.5760 1.3040 9.5010 3.5597 5.9419 0.3643 4.7302 10.0179 13.0081 3.5991 3.4908
Ag110cuscusRuOH 0.6307 7.8640 -1.4329 -0.5960 2.0376 -3.8137 2.2000 7.3610 1.0460 5.9367 1.4432 4.4941 1.0717 4.7042 14.1876 13.0513 3.8420 3.7231
Ag111cuscusMOH 0.4494 4.7075 -3.1029 -3.0890 0.4449 -3.2793 1.9300 7.5760 1.3040 9.7504 3.8742 5.8765 0.1110 4.5465 10.1720 10.1720 3.9043 3.7062
Co100cuscusMOH 0.6115 7.0690 -1.9499 -2.3685 1.0696 -3.2581 1.8800 7.8810 0.6620 6.9622 2.8618 4.1004 1.1726 4.7624 15.4871 14.7074 3.8892 5.0333
Co100cuscusRuOH 0.6864 7.3723 -1.6869 -1.8071 1.8887 -2.8380 2.2000 7.3610 1.0460 5.7552 2.5189 3.2360 1.1136 4.6931 14.1116 14.7936 3.6426 3.8378
Co101cuscusMOH 0.6226 6.9238 -1.7576 -2.6047 1.2308 -3.3430 1.8800 7.8810 0.6620 7.0474 2.7431 4.3039 1.0657 4.7601 15.5052 14.7057 3.3607 4.1754
Co101cuscusRuOH 0.6843 6.9564 -1.6025 -1.3438 1.9452 -3.0613 2.2000 7.3610 1.0460 5.8010 2.1489 3.6520 1.4486 4.7083 14.1263 14.7886 3.4763 3.8014
Co110cuscusMOH 0.6218 6.9971 -1.6567 -1.3977 1.2004 -3.1221 1.8800 7.8810 0.6620 7.0210 2.3411 4.6798 2.2297 4.8210 15.5320 14.4510 3.8101 3.8273
Co110cuscusRuOH 0.6862 7.1865 -1.3212 -0.5665 1.9497 -3.6600 2.2000 7.3610 1.0460 5.9762 1.4822 4.4944 1.5067 4.7619 14.1851 14.4630 3.6506 3.1459
Co111bricusRuOH 0.7335 5.5999 -1.8755 -1.1955 1.8274 -3.0784 2.2000 7.3610 1.0460 5.7027 1.6574 4.0449 0.6918 4.6615 14.0837 14.0837 4.2355 1.9131
Co111cuscusMOH 0.6351 5.5598 -1.7621 -1.5132 1.2262 -2.9006 1.8800 7.8810 0.6620 7.0747 2.3344 4.7408 0.7881 4.6685 15.5126 15.5126 4.1620 1.9534
Cu100cuscusMOH 0.4505 6.8728 -2.1142 -2.1147 0.3431 -3.2171 1.9000 7.7260 1.2350 9.3498 3.7786 5.5700 0.9038 4.6372 9.8732 11.8665 3.8607 5.3487
Cu101cuscusMOH 0.5261 6.7883 -2.1432 -2.1130 0.5350 -3.3386 1.9000 7.7260 1.2350 9.3897 3.6538 5.7354 0.5701 4.6638 9.8583 11.8500 3.3317 3.9988
Cu110bricusRuOH 0.6929 7.0604 -1.2944 -4.7895 1.8517 -3.8975 2.2000 7.3610 1.0460 6.0527 1.4854 4.5674 1.2571 4.7409 14.2534 13.0282 3.8628 3.6106
Cu110cuscusMOH 0.4897 7.0293 -2.1494 -2.0656 0.3286 -3.4952 1.9000 7.7260 1.2350 9.3438 3.4252 5.9165 1.0157 4.7392 9.8572 13.0490 3.7770 3.8581
Cu111bricusRuOH 1.0061 5.3617 -4.0761 -5.4715 0.5754 -3.4042 2.2000 7.3610 1.0460 5.4953 1.7477 3.7476 1.0758 4.5640 13.9420 13.9420 4.2140 2.4567
Fe100cuscusMOH 0.5361 7.2616 -1.5651 -1.5956 1.1773 -2.9812 1.8300 7.9020 0.1530 5.9693 2.4477 3.5215 0.4680 4.6833 14.3443 14.1905 3.7772 4.7485
Fe101cuscusRuOH 0.6576 6.9263 -1.5793 -1.2766 1.8844 -2.8598 2.2000 7.3610 1.0460 5.7853 2.0909 3.6945 1.2614 4.6584 14.1299 14.2306 3.4784 3.8394
Fe110bricusRuOH 0.6489 7.0137 -1.2608 -0.6033 1.8770 -3.2831 2.2000 7.3610 1.0460 6.1078 1.4765 4.6314 1.6371 4.7614 14.2487 14.1625 3.8004 3.5691
Fe110cuscusMOH 0.5979 6.9477 -1.6884 -1.4593 1.1928 -3.0184 1.8300 7.9020 0.1530 5.9389 2.3279 3.6108 0.7204 4.7794 14.3730 14.1837 3.7989 3.7710
Fe110cuscusRuOH 0.6927 7.3200 -1.3056 -0.5790 1.9197 -3.6717 2.2000 7.3610 1.0460 5.9867 1.4814 4.5048 1.5584 4.7308 14.2117 14.1721 3.6950 3.3079
Fe111bricusRuOH 0.7555 5.6775 -1.8358 -1.1767 1.8719 -2.8436 2.2000 7.3610 1.0460 5.6923 1.6403 4.0519 0.5810 4.6302 14.0582 14.0582 4.2319 1.9877
Fe111cuscusMOH 0.6438 5.6014 -1.5726 -1.3027 1.2695 -2.6944 1.8300 7.9020 0.1530 5.9885 2.1247 3.8642 0.7652 4.6168 14.3614 14.3614 4.1701 1.9877
Ir100cuscusRuOH 0.6900 7.2271 -1.3925 -1.4416 1.8451 -3.3519 2.2000 7.3610 1.0460 6.0096 2.4820 3.5276 2.4710 4.6868 14.2458 10.6953 3.7921 4.3619
Ir101cuscusMOH 0.4260 6.7222 -2.7734 -3.0163 0.7634 -3.9240 2.2000 8.9670 1.5640 6.7656 2.4178 4.3481 0.7882 4.6893 7.3735 10.6783 3.2610 3.6458
Ir101cuscusRuOH 0.6093 7.0354 -1.3865 -3.3678 1.9186 -3.8291 2.2000 7.3610 1.0460 5.9688 2.1770 3.7916 1.3217 4.6852 14.2367 10.6643 3.3796 3.9521
Ir110bricusRuOH 0.6306 7.0560 -1.1821 -0.5238 1.9698 -3.4611 2.2000 7.3610 1.0460 6.2190 1.4319 4.7870 1.3680 4.7629 14.2984 12.4435 3.7720 3.5274
Ir110cuscusMOH 0.4204 6.9185 -1.8427 -1.1954 2.0000 -3.6759 2.2000 8.9670 1.5640 6.9602 1.6264 5.3343 0.5323 4.7465 7.4450 12.4363 3.7336 3.3852
Ir111bricusRuOH 0.6798 6.1040 -2.3343 -2.7595 0.9339 -3.4698 2.2000 7.3610 1.0460 5.8592 1.5921 4.2665 1.4226 4.6384 14.1219 14.1219 4.1727 2.0792
Ir111cuscusMOH 0.4751 6.0768 -2.9574 -3.3522 0.7678 -3.5766 2.2000 8.9670 1.5640 6.6511 1.8033 4.8481 0.8285 4.6199 7.2754 7.2754 4.1419 2.0453
Mn100cuscusMOH 0.6696 7.1043 -1.1314 -1.2531 1.1640 -3.3934 1.5500 7.4340 -0.5000 4.8673 2.1860 2.6807 3.2215 4.6735 13.2332 13.6599 3.7948 4.6879
Mn100cuscusRuOH 0.6196 6.8460 -1.3653 -2.0653 1.6707 -3.4415 2.2000 7.3610 1.0460 5.9010 2.5689 3.3327 2.5111 4.6765 14.2615 13.7285 3.7356 4.1549
Mn101cuscusRuOH 0.6234 6.6801 -1.4020 -3.3857 1.8886 -3.3698 2.2000 7.3610 1.0460 5.9500 2.0877 3.8627 1.0371 4.7095 14.2196 13.6899 3.3379 3.7499
Mn110bricusRuOH 0.6567 6.8554 -1.1925 -4.9558 1.9249 -3.2893 2.2000 7.3610 1.0460 6.1652 1.4474 4.7175 1.8530 4.7722 14.2661 13.9590 3.7625 3.5731
Mn110cuscusMOH 0.7897 7.0181 -0.6416 -0.1977 1.3826 -3.1689 1.5500 7.4340 -0.5000 5.1715 1.3120 3.8599 4.5005 4.7766 13.2922 13.9211 3.7909 3.7277
Mn110cuscusRuOH 0.6711 6.7770 -1.2018 -0.5404 1.8975 -3.1990 2.2000 7.3610 1.0460 6.1414 1.4795 4.6620 1.8832 4.7778 14.2662 13.9695 3.7063 3.3456
Mn111bricusRuOH 0.6114 5.7393 -1.3401 -4.4589 2.1021 -2.9683 2.2000 7.3610 1.0460 5.9050 1.5730 4.3320 1.1104 4.6407 14.1966 14.1966 4.1375 1.8118
Mn111cuscusMOH 0.6492 5.6615 -0.8009 -3.6178 1.5025 -3.2734 1.5500 7.4340 -0.5000 5.0855 1.4863 3.5990 2.0145 4.6536 13.2520 13.2520 4.2318 1.8700
Mo100cuscusMOH 0.5603 6.6980 -2.2962 -2.1850 1.0815 -4.0306 2.1600 7.0920 0.7470 3.6042 1.5525 2.0517 0.2889 4.6592 11.5092 12.8304 3.7598 4.0206
Mo100cuscusRuOH 0.6219 6.8818 -1.1205 -1.2334 1.9304 -2.8531 2.2000 7.3610 1.0460 6.1318 2.5297 3.6027 3.1835 4.6820 14.3376 12.8906 3.8285 4.7297
Mo110bricusRuOH 0.5828 6.7486 -1.1713 -0.5456 1.9182 -3.5888 2.2000 7.3610 1.0460 6.2474 1.4077 4.8386 1.7270 4.7567 14.3450 13.5481 3.7228 3.4712
Mo110cuscusRuOH 0.6555 6.8546 -1.1309 -4.8579 1.8737 -4.2580 2.2000 7.3610 1.0460 6.1675 1.4383 4.7289 1.8810 4.7438 14.3445 13.5584 3.9202 4.0387
Mo111bricusRuOH 0.5190 5.6410 -1.1506 -0.3558 2.2940 -3.1940 2.2000 7.3610 1.0460 5.9726 1.4796 4.4944 2.2018 4.6228 14.2304 14.2304 4.1164 1.9237
Mo111cuscusMOH 0.2964 5.3530 0.3335 -5.2927 3.3666 -3.6836 2.1600 7.0920 0.7470 3.7209 1.1538 2.5667 0.3921 4.6446 11.5461 11.5461 4.1697 1.9116
Ni100cuscusMOH 0.5385 7.0659 -1.7209 -1.7225 0.5090 -3.2460 1.9100 7.6400 1.1570 8.2336 3.3612 4.8711 0.5807 4.6647 8.7550 11.3570 3.7927 5.0358
Ni100cuscusRuOH 0.6984 7.3030 -2.6162 -2.6503 0.8208 -3.4321 2.2000 7.3610 1.0460 5.7025 2.4883 3.2144 1.5902 4.6420 14.0938 11.3840 3.6660 3.7623
Ni101cuscusRuOH 0.6538 6.6822 -2.4071 -2.5264 1.1215 -3.3480 2.2000 7.3610 1.0460 5.7993 2.1802 3.6192 0.7473 4.6668 14.1046 11.3800 3.4756 3.9286
Ni110bricusRuOH 0.6629 7.0896 -1.2457 -4.6816 1.9058 -3.8879 2.2000 7.3610 1.0460 6.1227 1.4663 4.6550 1.3017 4.7454 14.2445 12.7593 3.8169 3.5409
Ni111cuscusMOH 0.5472 5.2755 -1.8605 -1.7114 0.6902 -3.3021 1.9100 7.6400 1.1570 8.2437 2.6493 5.5944 0.7255 4.5931 8.7140 8.7140 4.1252 1.8985
Ru100cuscusMOH 0.6868 6.9349 -1.4029 -1.4534 1.7851 -3.2835 2.2000 7.3610 1.0460 5.9705 2.5161 3.4540 3.3955 4.7102 14.2366 14.1344 3.8036 4.3953
Ru101cuscusMOH 0.6000 6.6084 -1.3445 -3.3168 1.9824 -3.6008 2.2000 7.3610 1.0460 5.9822 2.1674 3.8149 1.2655 4.7245 14.2521 14.1245 3.3089 3.8812
Ru111cuscusMOH 0.6371 6.0518 -2.2909 -2.7290 0.9672 -3.5017 2.2000 7.3610 1.0460 5.9054 1.5857 4.3206 1.0044 4.6654 14.1757 14.1757 4.1575 1.9829
Ti100cuscusRuOH 0.6400 7.4603 -2.6023 -2.6135 0.6463 -3.5049 2.2000 7.3610 1.0460 5.6642 2.5372 3.1269 3.3671 4.6999 14.0996 11.9917 3.7910 4.1833
Ti101cuscusRuOH 0.6101 6.9670 -1.8291 -3.5471 1.6523 -3.4632 2.2000 7.3610 1.0460 5.7792 2.1684 3.6111 1.7518 4.7421 14.0757 11.9876 3.5253 4.2702
Ti110bricusRuOH 0.6525 7.0295 -1.2086 -0.5782 1.8894 -3.6157 2.2000 7.3610 1.0460 6.1544 1.4475 4.7058 2.1380 4.7771 14.2697 13.0563 3.7785 3.5490
Ti110cuscusMOH 0.4982 6.8942 1.4661 -4.4252 2.9496 -4.0311 1.5400 6.8280 0.0750 2.0326 0.9120 1.1206 0.2356 4.8264 9.8241 13.0815 3.7827 3.7673
Ti111bricusRuOH 0.5910 5.8033 -2.4986 -3.0243 0.7391 -3.3390 2.2000 7.3610 1.0460 5.7870 1.5346 4.2527 2.3011 4.6969 14.0261 14.0261 4.1360 1.9819
Ti111cuscusMOH 0.4401 5.7999 -3.3081 -3.8011 0.3887 -3.3002 1.5400 6.8280 0.0750 2.1066 0.9066 1.2002 0.3438 4.6810 9.8606 9.8606 4.2173 1.9213
W100cuscusMOH 0.3398 6.8005 -0.8631 -0.8075 2.3553 -4.4862 2.3600 7.8640 0.8160 3.1926 1.3679 1.8248 0.0915 4.7236 11.6573 12.8845 3.7552 3.9315
W101cuscusMOH 0.3557 6.6189 -4.1564 -4.2700 1.0926 -4.5768 2.3600 7.8640 0.8160 3.2397 1.2592 1.9803 0.2630 4.7397 11.6570 12.8532 3.4527 4.0196
W110bricusRuOH 0.5904 6.8108 -1.1194 -0.5020 1.9277 -3.9147 2.2000 7.3610 1.0460 6.2537 1.3909 4.8630 1.7315 4.7727 14.3524 13.5689 3.6845 3.4473
W110cuscusMOH 0.5400 6.7782 -1.3110 -6.5100 1.7712 -4.2569 2.3600 7.8640 0.8160 3.2220 1.0099 2.2124 0.5732 4.7635 11.6655 13.5774 3.7648 3.3121
W110cuscusRuOH 0.6219 6.9730 -1.1443 -0.6194 1.6769 -4.4237 2.2000 7.3610 1.0460 6.2831 1.4049 4.8781 2.0440 4.7796 14.4356 13.6139 3.8560 3.9012
W111bricusRuOH 0.5164 5.6401 -2.2075 -2.9235 0.6756 -4.0123 2.2000 7.3610 1.0460 5.9808 1.4605 4.5199 2.5930 4.6660 14.2323 14.2323 4.0993 1.9332
W111cuscusMOH -0.0248 6.3286 -4.7840 -5.3052 0.4712 -3.8188 2.3600 7.8640 0.8160 3.2294 1.0507 2.1786 0.1707 4.6826 11.6152 11.6152 4.2245 1.8061
Zn110bricusRuOH 0.6932 7.0093 -1.2856 -4.9335 1.8782 -3.9096 2.2000 7.3610 1.0460 6.0777 1.4871 4.5906 1.7180 4.7646 14.2455 13.2087 3.8426 3.6241
Zn110cuscusMOH 0.4887 6.9626 -5.2986 -5.2006 0.4385 -3.4557 1.6500 9.3940 -0.6000 9.8927 3.9175 5.9766 0.0561 4.7897 10.6520 13.2416 3.8396 4.0717
Zn110cuscusRuOH 0.6530 7.8780 -1.4755 -0.6507 1.9381 -3.6238 2.2000 7.3610 1.0460 5.8807 1.4926 4.3874 1.4465 4.7264 14.1528 13.2270 3.7147 3.4382
Zn111cuscusMOH 0.3915 5.4554 -5.8427 -5.7476 0.3804 -3.2215 1.6500 9.3940 -0.6000 9.8526 3.8846 5.9670 0.0609 4.6239 10.6092 10.6092 4.0903 1.8878
Ag100cuscusMOH1 0.4371 6.9050 -2.8465 -2.8266 0.3374 -3.1754 1.9300 7.5760 1.3040 9.5836 3.8046 5.7797 1.2024 4.6158 10.0476 8.5140 3.6937 4.6134
Ag100cuscusRuOH1 0.4875 6.9189 -2.8763 -3.1760 1.1068 -3.0794 2.2000 8.9670 1.5640 6.4523 2.8565 3.5960 1.2800 4.5718 7.1974 8.5446 3.7806 3.9430
Ag110bricusRuOH1 0.2210 6.8543 -2.6096 -3.4634 0.6043 -4.1732 2.2000 8.9670 1.5640 6.9267 1.5812 5.3460 0.8053 4.6623 7.4314 7.8707 3.7777 3.3559
Ag110cuscusMOH1 0.5360 7.2811 -2.7112 -2.6295 0.3991 -3.4570 1.9300 7.5760 1.3040 9.6080 3.6843 5.9228 0.4402 4.6491 10.0568 7.8326 3.4636 3.2382
Ag110cuscusRuOH1 0.3688 7.6125 -2.1849 -3.8255 1.8359 -4.0301 2.2000 8.9670 1.5640 6.7731 1.5940 5.1789 1.0805 4.6609 7.3178 7.8470 3.8582 3.5119
Ag111bricusRuOH1 0.7346 4.6458 -3.6233 -3.9298 0.8215 -3.1254 2.2000 8.9670 1.5640 6.2494 1.9352 4.3147 0.9741 4.5566 7.0319 7.0319 4.2833 2.5960
Ag111cuscusMOH1 0.5468 4.6857 -3.4538 -3.3492 0.6588 -2.9060 1.9300 7.5760 1.3040 9.3329 3.4807 5.8514 0.2119 4.5426 9.8998 9.8998 3.9737 2.3709
Co100cuscusMOH1 0.6523 7.4042 -1.9913 -2.0304 1.1848 -2.6609 1.8800 7.8810 0.6620 6.9580 2.9066 4.0518 0.4494 4.7090 15.4562 11.2971 3.8418 4.8249
Co101cuscusMOH1 0.6179 5.8981 -1.8484 -2.8527 1.1855 -3.5312 1.8800 7.8810 0.6620 6.9941 2.6753 4.3190 1.3199 4.7033 15.4758 11.2511 3.4371 4.2157
Co101cuscusRuOH1 0.4750 5.8947 -2.3754 -2.1253 1.7476 -3.0480 2.2000 8.9670 1.5640 6.5360 2.3611 4.1749 0.6755 4.6521 7.2327 11.3367 3.5159 3.7447
Co110bricusRuOH1 0.3131 7.4613 -1.9144 -1.3386 1.7330 -3.9091 2.2000 8.9670 1.5640 6.9471 1.5424 5.4048 0.8302 4.6955 7.4260 9.3276 3.7674 3.4011
Co110cuscusMOH1 0.6440 7.5284 -1.6735 -1.4326 1.3243 -3.0829 1.8800 7.8810 0.6620 7.1744 2.4048 4.7690 1.1504 4.7804 15.5146 9.2669 3.8320 3.7550
Co110cuscusRuOH1 0.3620 7.4718 -1.9925 -1.3379 1.8325 -3.3781 2.2000 8.9670 1.5640 6.8557 1.6001 5.2553 0.8784 4.7127 7.3507 9.3265 3.6729 2.9677
Co111bricusRuOH1 0.5116 4.5223 -2.2698 -1.7861 2.1815 -3.1788 2.2000 8.9670 1.5640 6.4742 1.8120 4.6624 0.6166 4.6352 7.1720 7.1720 4.2306 2.0737
Co111cuscusMOH1 0.6081 4.4485 -1.7433 -3.0047 1.2484 -2.9860 1.8800 7.8810 0.6620 7.0673 2.3047 4.7629 1.0153 4.6334 15.4526 15.4526 4.1780 2.0072
Cu100cuscusMOH1 0.4334 7.0070 -2.1975 -2.1742 0.3688 -3.2015 1.9000 7.7260 1.2350 9.3372 3.6969 5.6402 0.6287 4.6019 9.9265 8.4342 4.0449 4.7805
Cu100cuscusRuOH1 0.1090 7.0031 -3.2176 -3.2606 0.5360 -3.5438 2.2000 8.9670 1.5640 6.5384 2.7825 3.7562 0.9193 4.5825 7.2025 8.4820 3.5834 3.2724
Cu110cuscusMOH1 0.4856 7.3468 -1.9144 -1.8495 0.2874 -3.6884 1.9000 7.7260 1.2350 9.3926 3.4853 5.9071 0.9657 4.6702 9.8674 7.8496 3.7576 3.6121
Cu110cuscusRuOH1 0.3779 7.3375 -1.9929 -3.6818 2.0223 -3.9803 2.2000 8.9670 1.5640 6.7857 1.6079 5.1778 0.8861 4.6650 7.3098 7.8355 3.6608 2.8829
Cu111bricusRuOH1 0.6102 4.1757 -3.4368 -3.7148 0.8596 -3.0891 2.2000 8.9670 1.5640 6.3133 1.8442 4.4702 0.6751 4.5569 7.0640 7.0640 4.2495 2.0728
Fe100cuscusMOH1 0.4828 7.5816 -1.4742 -1.4873 1.3089 -2.6548 1.8300 7.9020 0.1530 6.0239 2.4741 3.5496 0.4963 4.6453 14.3458 10.7565 3.7911 4.6140
Fe101cuscusMOH1 0.5827 5.9142 -1.5393 -1.4464 1.3029 -3.1129 1.8300 7.9020 0.1530 6.0065 2.3617 3.6448 0.5796 4.6635 14.3379 10.7009 3.4699 4.1391
Fe101cuscusRuOH1 0.4715 5.8170 -2.1856 -1.8862 1.8578 -2.9611 2.2000 8.9670 1.5640 6.6024 2.3221 4.2804 0.8730 4.5997 7.2581 10.7888 3.5084 3.7406
Fe110bricusRuOH1 0.2681 7.3040 -1.9219 -1.3549 1.7468 -3.6000 2.2000 8.9670 1.5640 6.9749 1.5467 5.4288 0.8854 4.6797 7.4358 9.0486 3.7658 3.4129
Fe110cuscusMOH1 0.5999 7.4904 -1.6338 -1.4295 1.2870 -3.0947 1.8300 7.9020 0.1530 5.9950 2.3556 3.6393 0.4121 4.7396 14.3576 8.9805 3.8064 3.6607
Fe110cuscusRuOH1 0.3630 7.5735 -1.9673 -1.3342 1.8110 -3.3923 2.2000 8.9670 1.5640 6.8668 1.5955 5.2715 0.8715 4.6833 7.3618 9.0212 3.7266 3.1656
Fe111cuscusMOH1 0.6271 4.5666 -1.5511 -3.5461 1.3205 -2.5778 1.8300 7.9020 0.1530 5.9785 2.1773 3.8022 0.4016 4.5779 14.3263 14.3263 4.1853 1.9565
Ir100cuscusMOH1 0.3476 7.1963 -1.9020 -1.8787 1.8319 -3.5156 2.2000 8.9670 1.5640 6.8976 2.8282 4.0687 0.9289 4.6404 7.4245 7.2540 3.8111 4.3182
Ir101cuscusMOH1 0.3952 6.4277 -2.0796 -1.8335 1.8685 -3.9582 2.2000 8.9670 1.5640 6.7728 2.3947 4.3784 1.1102 4.6419 7.3549 7.2312 3.4447 3.8470
Ir110cuscusMOH1 0.3431 7.4487 -1.9741 -1.4024 1.6935 -3.8130 2.2000 8.9670 1.5640 6.9825 1.5318 5.4508 0.6373 4.6870 7.4487 7.2694 3.7734 3.3573
Ir111cuscusMOH1 0.4535 5.0196 -3.0222 -3.4708 0.6979 -3.5559 2.2000 8.9670 1.5640 6.6330 1.7757 4.8574 0.8790 4.5942 7.2339 7.2339 4.1918 2.0391
Mn100cuscusMOH1 0.7219 7.3281 -0.9804 -1.0610 1.1739 -3.0811 1.5500 7.4340 -0.5000 5.0837 2.2220 2.8617 4.2270 4.6450 13.2438 10.2206 3.8552 4.6401
Mn100cuscusRuOH1 0.3266 6.9116 -1.8178 -1.8187 1.7024 -3.0166 2.2000 8.9670 1.5640 6.9407 2.9327 4.0082 1.3958 4.6343 7.4715 10.3172 3.7534 4.1439
Mn101cuscusMOH1 0.6722 6.0417 -1.8733 -2.8030 0.4609 -3.9631 1.5500 7.4340 -0.5000 5.1290 1.8410 3.2874 2.4475 4.6626 13.2686 10.1875 3.5161 4.3376
Mn101cuscusRuOH1 0.3994 6.0892 -1.9382 -1.7734 2.0922 -3.1479 2.2000 8.9670 1.5640 6.7387 2.3288 4.4093 0.9313 4.6516 7.3420 10.2445 3.3526 3.5921
Mn110bricusRuOH1 0.2691 7.1767 -1.9215 -1.3510 1.7344 -3.6093 2.2000 8.9670 1.5640 6.9749 1.5468 5.4276 0.7946 4.6983 7.4351 8.7803 3.7639 3.4240
Mn110cuscusMOH1 0.7798 7.5343 -0.5638 -0.1680 1.2808 -3.4061 1.5500 7.4340 -0.5000 5.2798 1.1595 4.1212 2.0960 4.7065 13.3162 8.7548 3.8463 3.8344
Mn111bricusRuOH1 0.4242 4.7130 -2.0384 -3.0367 2.1165 -3.2657 2.2000 8.9670 1.5640 6.6793 1.7705 4.9086 0.6398 4.5870 7.2624 7.2624 4.1616 2.0031
Mn111cuscusMOH1 0.6620 4.6428 -0.8625 -0.4517 1.4356 -3.1019 1.5500 7.4340 -0.5000 5.1392 1.4796 3.6592 2.4700 4.6211 13.2237 13.2237 4.2777 1.9765
Mo100cuscusMOH1 0.4816 6.7511 -0.4598 -1.5024 2.4753 -3.7585 2.1600 7.0920 0.7470 3.6808 1.6228 2.0578 0.6089 4.6112 11.5638 9.4051 3.8314 3.9831
Mo110bricusRuOH1 0.2281 6.8289 -1.9535 -1.4263 1.6983 -3.9468 2.2000 8.9670 1.5640 7.0418 1.5177 5.5237 0.8324 4.6948 7.4915 8.3782 3.7630 3.3877
Mo110cuscusMOH1 0.6803 7.3468 -0.2105 0.8122 2.4528 -4.1087 2.1600 7.0920 0.7470 3.9254 1.0865 2.8387 2.5640 4.6683 11.6360 8.3522 3.8233 3.5141
Mo110cuscusRuOH1 0.3396 7.2153 -2.5490 -3.4294 0.6397 -4.5357 2.2000 8.9670 1.5640 7.1137 1.5789 5.5347 1.5274 4.7170 7.5091 8.3960 3.9001 3.7921
Mo111bricusRuOH1 0.3445 5.5674 -2.0904 -1.8295 1.8463 -3.6431 2.2000 8.9670 1.5640 6.8277 1.6808 5.1470 0.9671 4.5763 7.3494 7.3494 4.1505 2.0104
Mo111cuscusMOH1 0.0276 5.3069 -4.2201 -5.4619 0.2830 -3.9313 2.1600 7.0920 0.7470 3.7243 1.1599 2.5644 0.2095 4.6071 11.5323 11.5323 4.2097 1.9907
Ni100cuscusMOH1 0.5461 7.3403 -1.7313 -1.7386 0.6119 -3.2917 1.9100 7.6400 1.1570 8.2488 3.3543 4.8944 1.1123 4.6328 8.7230 7.8720 3.8398 5.0315
Ni100cuscusRuOH1 0.2829 7.1075 -2.8154 -2.9130 1.1541 -3.3136 2.2000 8.9670 1.5640 6.5669 2.6306 3.9364 1.1362 4.6051 7.2090 7.9665 3.6321 3.8159
Ni110bricusRuOH1 0.3024 7.4226 -2.6494 -3.4226 0.5961 -4.3570 2.2000 8.9670 1.5640 6.9117 1.5538 5.3580 0.8435 4.6688 7.4240 7.5740 3.7937 3.3893
Ni110cuscusMOH1 0.5149 7.3828 -1.7047 -1.5030 0.8978 -3.6686 1.9100 7.6400 1.1570 8.2681 2.5024 5.7655 0.5079 4.6958 8.7322 7.5513 3.8062 3.7390
Ni110cuscusRuOH1 0.3532 7.4018 -2.0504 -3.6085 1.7958 -3.9044 2.2000 8.9670 1.5640 6.8276 1.6010 5.2264 0.8783 4.6635 7.3420 7.6073 3.6751 2.9573
Ni111bricusRuOH1 0.5356 4.1734 -3.2522 -3.5393 0.8905 -3.1067 2.2000 8.9670 1.5640 6.3953 1.8176 4.5775 0.6842 4.5572 7.1233 7.1233 4.2337 1.9487
Ni111cuscusMOH1 0.5360 4.1468 -1.8534 -2.3299 0.8988 -3.0875 1.9100 7.6400 1.1570 8.1715 2.5284 5.6428 1.1713 4.5397 8.6701 8.6701 4.1627 1.9242
Ru100cuscusRuOH1 0.3665 6.9935 -1.8156 -1.8218 1.8552 -3.0553 2.2000 8.9670 1.5640 6.9279 2.9140 4.0152 1.0990 4.6779 7.4392 10.7544 3.8350 4.3394
Ru101cuscusMOH1 0.5751 6.6531 -1.3206 -3.4742 2.0187 -4.1176 2.2000 7.3610 1.0460 5.9813 2.1438 3.8377 1.3637 4.6694 14.2400 10.6743 3.4671 4.0140
Ru101cuscusRuOH1 0.3815 6.7205 -1.9436 -1.8213 2.1370 -3.6446 2.2000 8.9670 1.5640 6.7706 2.3703 4.4004 1.0162 4.6716 7.3663 10.6820 3.3373 3.7447
Ru110bricusRuOH1 0.3507 7.2780 -1.9509 -1.3754 1.7311 -3.7361 2.2000 8.9670 1.5640 6.9827 1.5391 5.4444 0.6323 4.7004 7.4555 9.0188 3.7673 3.3868
Ru110cuscusMOH1 0.6108 7.4371 -1.1917 -0.6084 1.7551 -3.6526 2.2000 7.3610 1.0460 6.2127 1.3449 4.8676 1.3745 4.7063 14.3367 8.9999 3.8004 3.5197
Ru110cuscusRuOH1 0.3368 7.1752 -1.9071 -1.3305 1.7685 -3.6267 2.2000 8.9670 1.5640 7.0012 1.5394 5.4607 0.6138 4.7180 7.4411 8.9991 3.7712 3.3622
Ru111bricusRuOH1 0.4295 5.3089 -2.9940 -3.4452 0.6961 -3.6205 2.2000 8.9670 1.5640 6.6528 1.7728 4.8795 0.8355 4.5989 7.2699 7.2699 4.1803 2.0052
Ru111cuscusMOH1 0.6935 5.2837 -3.1279 -5.1215 0.3673 -3.7194 2.2000 7.3610 1.0460 5.8947 1.5816 4.3139 0.7968 4.6345 14.1330 14.1330 4.2100 2.0287
Ti100cuscusMOH1 0.4401 7.3716 -3.1293 -3.0321 0.2740 -3.5276 1.5400 6.8280 0.0750 2.0794 0.8327 1.2468 0.1491 4.7022 9.8489 8.4758 3.8326 4.6900
Ti100cuscusRuOH1 0.4263 7.7392 -3.0361 -3.0384 0.4675 -3.5801 2.2000 8.9670 1.5640 6.5911 2.8593 3.7318 2.0510 4.6493 7.2599 8.5714 3.8328 4.2584
Ti101cuscusMOH1 0.4098 6.2080 -3.5671 -3.5174 0.2240 -3.7868 1.5400 6.8280 0.0750 2.0831 0.9204 1.1628 0.2964 4.7096 9.8251 8.4266 3.3187 4.1737
Ti101cuscusRuOH1 0.4443 5.7555 -3.0302 -3.2274 0.6492 -3.5155 2.2000 8.9670 1.5640 6.5141 2.4037 4.1108 1.4740 4.6700 7.2069 8.5451 3.4831 4.0389
Ti110bricusRuOH1 0.2770 7.3531 -2.6376 -3.5242 0.6131 -4.4255 2.2000 8.9670 1.5640 6.9543 1.5429 5.4118 1.0562 4.7033 7.4331 7.8972 3.7586 3.3877
Ti110cuscusRuOH1 0.3558 7.6221 -2.6856 -3.5143 0.5636 -4.1040 2.2000 8.9670 1.5640 6.8850 1.5850 5.3008 0.8610 4.7266 7.3943 7.9368 3.8656 3.7433
Ti111bricusRuOH1 0.4722 4.6463 -2.9518 -3.3989 0.6182 -3.3629 2.2000 8.9670 1.5640 6.5347 1.7139 4.8201 1.6149 4.6246 7.1758 7.1758 4.1997 2.0612
W100cuscusMOH1 -0.0481 6.7947 -1.2532 -1.1639 1.8576 -4.7547 2.3600 7.8640 0.8160 3.2606 1.4214 1.8392 0.2413 4.6644 11.6755 9.4792 3.8347 3.8877
W100cuscusRuOH1 0.2716 7.2331 -2.4562 -2.5392 0.5648 -4.0066 2.2000 8.9670 1.5640 6.9914 2.9652 4.0260 0.9790 4.6756 7.4787 9.5491 3.8553 4.7267
W101cuscusRuOH1 0.3663 6.7578 -2.6403 -2.9541 0.6382 -4.1732 2.2000 8.9670 1.5640 6.9235 2.4216 4.5009 1.6240 4.7042 7.3944 9.5045 3.4869 3.9055
W110bricusRuOH1 0.2226 6.8886 -1.7610 -1.2379 2.0290 -3.7086 2.2000 8.9670 1.5640 7.0632 1.5055 5.5574 0.8629 4.7106 7.5098 8.4145 3.7167 3.3692
W110cuscusRuOH1 0.3232 7.2856 -1.8103 -1.3474 1.5920 -4.5930 2.2000 8.9670 1.5640 7.1319 1.5268 5.6057 1.2313 4.7402 7.5445 8.4238 3.8574 3.7080
W111bricusRuOH1 0.3309 5.6982 -2.7946 -3.4772 0.5251 -4.1871 2.2000 8.9670 1.5640 6.8888 1.6560 5.2320 1.1542 4.6358 7.3538 7.3538 4.1344 1.9983
Zn100cuscusMOH1 0.4893 7.0669 -5.2756 -5.2864 0.1492 -3.1111 1.6500 9.3940 -0.6000 9.9069 3.9719 5.9346 0.0275 4.6705 10.6917 8.8450 3.9472 5.2303
Zn110bricusRuOH1 0.2783 7.2798 -2.6408 -3.5023 0.5961 -4.3008 2.2000 8.9670 1.5640 6.9043 1.5665 5.3375 0.8831 4.6762 7.4214 8.0352 3.7878 3.3712
Zn110cuscusMOH1 0.4799 7.4009 -5.2526 -5.1615 0.3010 -3.7223 1.6500 9.3940 -0.6000 9.9074 3.9290 5.9786 0.0184 4.7134 10.6253 8.0352 3.7935 3.7629
Zn111bricusRuOH1 0.5835 4.1911 -3.4327 -3.7063 0.8005 -3.0845 2.2000 8.9670 1.5640 6.2599 1.8337 4.4269 0.5073 4.5799 7.0651 7.0651 4.2729 2.2743
Zn111cuscusMOH1 0.4456 4.3100 -5.5301 -5.4384 0.2409 -2.9883 1.6500 9.3940 -0.6000 9.8503 3.8804 5.9707 0.1437 4.5564 10.6094 10.6094 4.1021 1.9388
Ag110bricusRuOOH 0.5554 7.0919 -1.3375 -4.7504 1.8847 -4.0379 2.2000 7.3610 1.0460 6.0681 1.4867 4.5821 1.2192 4.7500 14.2519 13.0316 3.9219 3.6005
Ag110cuscusMOOH 0.4313 6.9431 -3.2460 -3.0952 0.4952 -3.6701 1.9300 7.5760 1.3040 9.5010 3.5597 5.9419 0.3643 4.7302 10.0179 13.0081 3.5991 3.4908
Ag110cuscusRuOOH 0.4660 7.8640 -1.4329 -0.5960 2.0376 -3.8137 2.2000 7.3610 1.0460 5.9367 1.4432 4.4941 1.0717 4.7042 14.1876 13.0513 3.8420 3.7231
Ag111cuscusMOOH 0.3636 4.7075 -3.1029 -3.0890 0.4449 -3.2793 1.9300 7.5760 1.3040 9.7504 3.8742 5.8765 0.1110 4.5465 10.1720 10.1720 3.9043 3.7062
Co100cuscusRuOOH 0.4849 7.3723 -1.6869 -1.8071 1.8887 -2.8380 2.2000 7.3610 1.0460 5.7552 2.5189 3.2360 1.1136 4.6931 14.1116 14.7936 3.6426 3.8378
Co101cuscusRuOOH 0.4682 6.9564 -1.6025 -1.3438 1.9452 -3.0613 2.2000 7.3610 1.0460 5.8010 2.1489 3.6520 1.4486 4.7083 14.1263 14.7886 3.4763 3.8014
Co110bricusRuOOH 0.5332 7.0786 -1.1938 -4.1569 1.9301 -3.8721 2.2000 7.3610 1.0460 6.1646 1.4543 4.7099 1.5042 4.7715 14.2584 14.4877 3.7865 3.5514
Co110cuscusMOOH 0.4835 6.9971 -1.6567 -1.3977 1.2004 -3.1221 1.8800 7.8810 0.6620 7.0210 2.3411 4.6798 2.2297 4.8210 15.5320 14.4510 3.8101 3.8273
Co110cuscusRuOOH 0.4937 7.1865 -1.3212 -0.5665 1.9497 -3.6600 2.2000 7.3610 1.0460 5.9762 1.4822 4.4944 1.5067 4.7619 14.1851 14.4630 3.6506 3.1459
Co111bricusRuOOH 0.6070 5.5999 -1.8755 -1.1955 1.8274 -3.0784 2.2000 7.3610 1.0460 5.7027 1.6574 4.0449 0.6918 4.6615 14.0837 14.0837 4.2355 1.9131
Co111cuscusMOOH 0.4072 5.5598 -1.7621 -1.5132 1.2262 -2.9006 1.8800 7.8810 0.6620 7.0747 2.3344 4.7408 0.7881 4.6685 15.5126 15.5126 4.1620 1.9534
Cu100cuscusMOOH 0.3574 6.8728 -2.1142 -2.1147 0.3431 -3.2171 1.9000 7.7260 1.2350 9.3498 3.7786 5.5700 0.9038 4.6372 9.8732 11.8665 3.8607 5.3487
Cu110bricusRuOOH 0.5594 7.0604 -1.2944 -4.7895 1.8517 -3.8975 2.2000 7.3610 1.0460 6.0527 1.4854 4.5674 1.2571 4.7409 14.2534 13.0282 3.8628 3.6106
Cu110cuscusMOOH 0.4330 7.0293 -2.1494 -2.0656 0.3286 -3.4952 1.9000 7.7260 1.2350 9.3438 3.4252 5.9165 1.0157 4.7392 9.8572 13.0490 3.7770 3.8581
Cu110cuscusRuOOH 0.4788 7.6211 -1.4118 -2.9781 1.9727 -3.6096 2.2000 7.3610 1.0460 5.9007 1.4749 4.4261 1.5682 4.6909 14.1755 13.0103 3.6336 3.0628
Cu111bricusRuOOH 0.9114 5.3617 -4.0761 -5.4715 0.5754 -3.4042 2.2000 7.3610 1.0460 5.4953 1.7477 3.7476 1.0758 4.5640 13.9420 13.9420 4.2140 2.4567
Fe100cuscusMOOH 0.4445 7.2616 -1.5651 -1.5956 1.1773 -2.9812 1.8300 7.9020 0.1530 5.9693 2.4477 3.5215 0.4680 4.6833 14.3443 14.1905 3.7772 4.7485
Fe110cuscusMOOH 0.5424 6.9477 -1.6884 -1.4593 1.1928 -3.0184 1.8300 7.9020 0.1530 5.9389 2.3279 3.6108 0.7204 4.7794 14.3730 14.1837 3.7989 3.7710
Fe110cuscusRuOOH 0.4858 7.3200 -1.3056 -0.5790 1.9197 -3.6717 2.2000 7.3610 1.0460 5.9867 1.4814 4.5048 1.5584 4.7308 14.2117 14.1721 3.6950 3.3079
Fe111bricusRuOOH 0.6250 5.6775 -1.8358 -1.1767 1.8719 -2.8436 2.2000 7.3610 1.0460 5.6923 1.6403 4.0519 0.5810 4.6302 14.0582 14.0582 4.2319 1.9877
Fe111cuscusMOOH 0.4536 5.6014 -1.5726 -1.3027 1.2695 -2.6944 1.8300 7.9020 0.1530 5.9885 2.1247 3.8642 0.7652 4.6168 14.3614 14.3614 4.1701 1.9877
Ir100cuscusMOOH 0.2697 7.0035 -2.4954 -2.5843 0.8903 -3.6872 2.2000 8.9670 1.5640 6.9202 2.8585 4.0613 1.3379 4.6983 7.4315 10.7393 3.8007 4.3512
Ir100cuscusRuOOH 0.4265 7.2271 -1.3925 -1.4416 1.8451 -3.3519 2.2000 7.3610 1.0460 6.0096 2.4820 3.5276 2.4710 4.6868 14.2458 10.6953 3.7921 4.3619
Ir101cuscusMOOH 0.4939 6.7222 -2.7734 -3.0163 0.7634 -3.9240 2.2000 8.9670 1.5640 6.7656 2.4178 4.3481 0.7882 4.6893 7.3735 10.6783 3.2610 3.6458
Ir110bricusRuOOH 0.4618 7.0560 -1.1821 -0.5238 1.9698 -3.4611 2.2000 7.3610 1.0460 6.2190 1.4319 4.7870 1.3680 4.7629 14.2984 12.4435 3.7720 3.5274
Ir110cuscusMOOH 0.2816 6.9185 -1.8427 -1.1954 2.0000 -3.6759 2.2000 8.9670 1.5640 6.9602 1.6264 5.3343 0.5323 4.7465 7.4450 12.4363 3.7336 3.3852
Ir110cuscusRuOOH 0.4343 7.1595 -1.2058 -0.5500 1.9523 -3.5557 2.2000 7.3610 1.0460 6.2033 1.4184 4.7852 0.9756 4.7472 14.3179 12.4545 3.7692 3.5697
Ir111bricusRuOOH 0.5184 6.1040 -2.3343 -2.7595 0.9339 -3.4698 2.2000 7.3610 1.0460 5.8592 1.5921 4.2665 1.4226 4.6384 14.1219 14.1219 4.1727 2.0792
Ir111cuscusMOOH 0.3536 6.0768 -2.9574 -3.3522 0.7678 -3.5766 2.2000 8.9670 1.5640 6.6511 1.8033 4.8481 0.8285 4.6199 7.2754 7.2754 4.1419 2.0453
Mn100cuscusRuOOH 0.3598 6.8460 -1.3653 -2.0653 1.6707 -3.4415 2.2000 7.3610 1.0460 5.9010 2.5689 3.3327 2.5111 4.6765 14.2615 13.7285 3.7356 4.1549
Mn101cuscusRuOOH 0.6061 6.6801 -1.4020 -3.3857 1.8886 -3.3698 2.2000 7.3610 1.0460 5.9500 2.0877 3.8627 1.0371 4.7095 14.2196 13.6899 3.3379 3.7499
Mn110bricusRuOOH 0.4949 6.8554 -1.1925 -4.9558 1.9249 -3.2893 2.2000 7.3610 1.0460 6.1652 1.4474 4.7175 1.8530 4.7722 14.2661 13.9590 3.7625 3.5731
Mn110cuscusMOOH 0.6261 7.0181 -0.6416 -0.1977 1.3826 -3.1689 1.5500 7.4340 -0.5000 5.1715 1.3120 3.8599 4.5005 4.7766 13.2922 13.9211 3.7909 3.7277
Mn110cuscusRuOOH 0.4915 6.7770 -1.2018 -0.5404 1.8975 -3.1990 2.2000 7.3610 1.0460 6.1414 1.4795 4.6620 1.8832 4.7778 14.2662 13.9695 3.7063 3.3456
Mn111bricusRuOOH 0.4430 5.7393 -1.3401 -4.4589 2.1021 -2.9683 2.2000 7.3610 1.0460 5.9050 1.5730 4.3320 1.1104 4.6407 14.1966 14.1966 4.1375 1.8118
Mn111cuscusMOOH 0.4860 5.6615 -0.8009 -3.6178 1.5025 -3.2734 1.5500 7.4340 -0.5000 5.0855 1.4863 3.5990 2.0145 4.6536 13.2520 13.2520 4.2318 1.8700
Mo100cuscusMOOH 0.6351 6.6980 -2.2962 -2.1850 1.0815 -4.0306 2.1600 7.0920 0.7470 3.6042 1.5525 2.0517 0.2889 4.6592 11.5092 12.8304 3.7598 4.0206
Mo100cuscusRuOOH 0.4462 6.8818 -1.1205 -1.2334 1.9304 -2.8531 2.2000 7.3610 1.0460 6.1318 2.5297 3.6027 3.1835 4.6820 14.3376 12.8906 3.8285 4.7297
Mo101cuscusMOOH 0.7924 6.6209 -2.8658 -3.0090 0.9563 -4.2530 2.1600 7.0920 0.7470 3.6879 1.4389 2.2491 0.5552 4.6789 11.5342 12.7875 3.3802 4.0447
Mo101cuscusRuOOH 0.3810 7.0000 -1.3778 -3.0256 1.7166 -3.9233 2.2000 7.3610 1.0460 6.0256 2.1977 3.8286 1.8735 4.7027 14.2647 12.8587 3.4856 4.0786
Mo110bricusRuOOH 0.4010 6.7486 -1.1713 -0.5456 1.9182 -3.5888 2.2000 7.3610 1.0460 6.2474 1.4077 4.8386 1.7270 4.7567 14.3450 13.5481 3.7228 3.4712
Mo110cuscusMOOH 0.9701 6.7939 -1.2921 -5.9365 1.4966 -3.8810 2.1600 7.0920 0.7470 3.6715 1.1206 2.5506 1.4528 4.7195 11.6399 13.5503 3.7712 3.4400
Mo110cuscusRuOOH 0.4954 6.8546 -1.1309 -4.8579 1.8737 -4.2580 2.2000 7.3610 1.0460 6.1675 1.4383 4.7289 1.8810 4.7438 14.3445 13.5584 3.9202 4.0387
Mo111bricusRuOOH 0.2855 5.6410 -1.1506 -0.3558 2.2940 -3.1940 2.2000 7.3610 1.0460 5.9726 1.4796 4.4944 2.2018 4.6228 14.2304 14.2304 4.1164 1.9237
Mo111cuscusMOOH 0.3244 5.3530 0.3335 -5.2927 3.3666 -3.6836 2.1600 7.0920 0.7470 3.7209 1.1538 2.5667 0.3921 4.6446 11.5461 11.5461 4.1697 1.9116
Ni100cuscusMOOH 0.3691 7.0659 -1.7209 -1.7225 0.5090 -3.2460 1.9100 7.6400 1.1570 8.2336 3.3612 4.8711 0.5807 4.6647 8.7550 11.3570 3.7927 5.0358
Ni101cuscusMOOH 0.3776 6.7771 -1.7382 -1.6736 0.6264 -3.4367 1.9100 7.6400 1.1570 8.2397 2.9997 5.2395 1.1347 4.6598 8.7454 11.3222 3.3462 4.0156
Ni110bricusRuOOH 0.5270 7.0896 -1.2457 -4.6816 1.9058 -3.8879 2.2000 7.3610 1.0460 6.1227 1.4663 4.6550 1.3017 4.7454 14.2445 12.7593 3.8169 3.5409
Ni110cuscusMOOH 0.4320 7.0412 -1.7354 -1.5738 0.6107 -3.6022 1.9100 7.6400 1.1570 8.2568 2.4766 5.7801 0.8990 4.7484 8.7617 12.7665 3.7647 3.7707
Ni110cuscusRuOOH 0.4560 7.1328 -1.3642 -0.6003 1.9593 -3.6609 2.2000 7.3610 1.0460 5.9799 1.4754 4.5052 1.4560 4.7165 14.1888 12.7670 3.6523 3.1480
Ni111bricusRuOOH 0.5819 5.2768 -3.5741 -5.1123 0.7203 -3.3596 2.2000 7.3610 1.0460 5.6406 1.6876 3.9532 0.8536 4.5861 14.0465 14.0465 4.2391 1.8189
Ni111cuscusMOOH 0.3687 5.2755 -1.8605 -1.7114 0.6902 -3.3021 1.9100 7.6400 1.1570 8.2437 2.6493 5.5944 0.7255 4.5931 8.7140 8.7140 4.1252 1.8985
Ru100cuscusMOOH 0.4181 6.9349 -1.4029 -1.4534 1.7851 -3.2835 2.2000 7.3610 1.0460 5.9705 2.5161 3.4540 3.3955 4.7102 14.2366 14.1344 3.8036 4.3953
Ru101cuscusMOOH 0.6599 6.6084 -1.3445 -3.3168 1.9824 -3.6008 2.2000 7.3610 1.0460 5.9822 2.1674 3.8149 1.2655 4.7245 14.2521 14.1245 3.3089 3.8812
Ru110cuscusMOOH 0.4691 6.8929 -1.1867 -0.5218 1.9688 -3.3971 2.2000 7.3610 1.0460 6.1972 1.4396 4.7575 1.7369 4.7807 14.2907 14.1848 3.7648 3.5414
Ru111cuscusMOOH 0.4833 6.0518 -2.2909 -2.7290 0.9672 -3.5017 2.2000 7.3610 1.0460 5.9054 1.5857 4.3206 1.0044 4.6654 14.1757 14.1757 4.1575 1.9829
Ti100cuscusMOOH 0.4907 7.0691 -2.9862 -2.9242 0.5067 -3.2814 1.5400 6.8280 0.0750 2.0845 0.8176 1.2670 0.1781 4.7799 9.8463 11.9225 3.8375 4.8382
Ti100cuscusRuOOH 0.4194 7.4603 -2.6023 -2.6135 0.6463 -3.5049 2.2000 7.3610 1.0460 5.6642 2.5372 3.1269 3.3671 4.6999 14.0996 11.9917 3.7910 4.1833
Ti101cuscusMOOH 0.5233 6.7183 -3.3083 -3.3102 0.4371 -3.5781 1.5400 6.8280 0.0750 2.0854 0.8888 1.1965 0.1807 4.7792 9.8279 11.8731 3.3580 4.2346
Ti101cuscusRuOOH 0.4004 6.9670 -1.8291 -3.5471 1.6523 -3.4632 2.2000 7.3610 1.0460 5.7792 2.1684 3.6111 1.7518 4.7421 14.0757 11.9876 3.5253 4.2702
Ti110cuscusMOOH 0.5766 6.8942 1.4661 -4.4252 2.9496 -4.0311 1.5400 6.8280 0.0750 2.0326 0.9120 1.1206 0.2356 4.8264 9.8241 13.0815 3.7827 3.7673
Ti111bricusRuOOH 0.6090 5.8033 -2.4986 -3.0243 0.7391 -3.3390 2.2000 7.3610 1.0460 5.7870 1.5346 4.2527 2.3011 4.6969 14.0261 14.0261 4.1360 1.9819
Ti111cuscusMOOH 0.4663 5.7999 -3.3081 -3.8011 0.3887 -3.3002 1.5400 6.8280 0.0750 2.1066 0.9066 1.2002 0.3438 4.6810 9.8606 9.8606 4.2173 1.9213
W100cuscusMOOH 0.5459 6.8005 -0.8631 -0.8075 2.3553 -4.4862 2.3600 7.8640 0.8160 3.1926 1.3679 1.8248 0.0915 4.7236 11.6573 12.8845 3.7552 3.9315
W101cuscusMOOH 0.7391 6.6189 -4.1564 -4.2700 1.0926 -4.5768 2.3600 7.8640 0.8160 3.2397 1.2592 1.9803 0.2630 4.7397 11.6570 12.8532 3.4527 4.0196
W110bricusRuOOH 0.3768 6.8108 -1.1194 -0.5020 1.9277 -3.9147 2.2000 7.3610 1.0460 6.2537 1.3909 4.8630 1.7315 4.7727 14.3524 13.5689 3.6845 3.4473
W110cuscusMOOH 0.9806 6.7782 -1.3110 -6.5100 1.7712 -4.2569 2.3600 7.8640 0.8160 3.2220 1.0099 2.2124 0.5732 4.7635 11.6655 13.5774 3.7648 3.3121
W110cuscusRuOOH 0.4311 6.9730 -1.1443 -0.6194 1.6769 -4.4237 2.2000 7.3610 1.0460 6.2831 1.4049 4.8781 2.0440 4.7796 14.4356 13.6139 3.8560 3.9012
W111bricusRuOOH 0.2551 5.6401 -2.2075 -2.9235 0.6756 -4.0123 2.2000 7.3610 1.0460 5.9808 1.4605 4.5199 2.5930 4.6660 14.2323 14.2323 4.0993 1.9332
W111cuscusMOOH 0.2944 6.3286 -4.7840 -5.3052 0.4712 -3.8188 2.3600 7.8640 0.8160 3.2294 1.0507 2.1786 0.1707 4.6826 11.6152 11.6152 4.2245 1.8061
Zn100cuscusMOOH 0.3897 6.8979 -5.4789 -5.4929 0.1978 -3.1090 1.6500 9.3940 -0.6000 9.9091 3.9741 5.9342 0.0791 4.7141 10.6607 12.2507 3.9137 5.4640
Zn110bricusRuOOH 0.5609 7.0093 -1.2856 -4.9335 1.8782 -3.9096 2.2000 7.3610 1.0460 6.0777 1.4871 4.5906 1.7180 4.7646 14.2455 13.2087 3.8426 3.6241
Zn110cuscusMOOH 0.4127 6.9626 -5.2986 -5.2006 0.4385 -3.4557 1.6500 9.3940 -0.6000 9.8927 3.9175 5.9766 0.0561 4.7897 10.6520 13.2416 3.8396 4.0717
Zn110cuscusRuOOH 0.4558 7.8780 -1.4755 -0.6507 1.9381 -3.6238 2.2000 7.3610 1.0460 5.8807 1.4926 4.3874 1.4465 4.7264 14.1528 13.2270 3.7147 3.4382
Zn111bricusRuOOH 0.8208 5.4451 -4.0668 -5.5696 0.4381 -3.4298 2.2000 7.3610 1.0460 5.4791 1.6987 3.7803 1.1408 4.6094 13.9318 13.9318 4.2057 2.5031
Zn111cuscusMOOH 0.3642 5.4554 -5.8427 -5.7476 0.3804 -3.2215 1.6500 9.3940 -0.6000 9.8526 3.8846 5.9670 0.0609 4.6239 10.6092 10.6092 4.0903 1.8878
Ag100cuscusMOOH1 0.2969 6.9050 -2.8465 -2.8266 0.3374 -3.1754 1.9300 7.5760 1.3040 9.5836 3.8046 5.7797 1.2024 4.6158 10.0476 8.5140 3.6937 4.6134
Ag110bricusRuOOH1 0.1351 6.8543 -2.6096 -3.4634 0.6043 -4.1732 2.2000 8.9670 1.5640 6.9267 1.5812 5.3460 0.8053 4.6623 7.4314 7.8707 3.7777 3.3559
Ag110cuscusMOOH1 0.4251 7.2811 -2.7112 -2.6295 0.3991 -3.4570 1.9300 7.5760 1.3040 9.6080 3.6843 5.9228 0.4402 4.6491 10.0568 7.8326 3.4636 3.2382
Ag111bricusRuOOH1 0.6109 4.6458 -3.6233 -3.9298 0.8215 -3.1254 2.2000 8.9670 1.5640 6.2494 1.9352 4.3147 0.9741 4.5566 7.0319 7.0319 4.2833 2.5960
Ag111cuscusMOOH1 0.3508 4.6857 -3.4538 -3.3492 0.6588 -2.9060 1.9300 7.5760 1.3040 9.3329 3.4807 5.8514 0.2119 4.5426 9.8998 9.8998 3.9737 2.3709
Co100cuscusMOOH1 0.4388 7.4042 -1.9913 -2.0304 1.1848 -2.6609 1.8800 7.8810 0.6620 6.9580 2.9066 4.0518 0.4494 4.7090 15.4562 11.2971 3.8418 4.8249
Co100cuscusRuOOH1 0.3733 7.5823 -2.3901 -2.5202 1.8019 -2.9250 2.2000 8.9670 1.5640 6.4986 2.6593 3.8394 0.6239 4.6078 7.2693 11.3857 3.5179 5.4121
Co101cuscusMOOH1 0.3566 5.8981 -1.8484 -2.8527 1.1855 -3.5312 1.8800 7.8810 0.6620 6.9941 2.6753 4.3190 1.3199 4.7033 15.4758 11.2511 3.4371 4.2157
Co110bricusRuOOH1 0.1229 7.4613 -1.9144 -1.3386 1.7330 -3.9091 2.2000 8.9670 1.5640 6.9471 1.5424 5.4048 0.8302 4.6955 7.4260 9.3276 3.7674 3.4011
Co110cuscusMOOH1 0.4882 7.5284 -1.6735 -1.4326 1.3243 -3.0829 1.8800 7.8810 0.6620 7.1744 2.4048 4.7690 1.1504 4.7804 15.5146 9.2669 3.8320 3.7550
Co110cuscusRuOOH1 0.1800 7.4718 -1.9925 -1.3379 1.8325 -3.3781 2.2000 8.9670 1.5640 6.8557 1.6001 5.2553 0.8784 4.7127 7.3507 9.3265 3.6729 2.9677
Co111bricusRuOOH1 0.4727 4.5223 -2.2698 -1.7861 2.1815 -3.1788 2.2000 8.9670 1.5640 6.4742 1.8120 4.6624 0.6166 4.6352 7.1720 7.1720 4.2306 2.0737
Co111cuscusMOOH1 0.3616 4.4485 -1.7433 -3.0047 1.2484 -2.9860 1.8800 7.8810 0.6620 7.0673 2.3047 4.7629 1.0153 4.6334 15.4526 15.4526 4.1780 2.0072
Cu100cuscusMOOH1 0.3091 7.0070 -2.1975 -2.1742 0.3688 -3.2015 1.9000 7.7260 1.2350 9.3372 3.6969 5.6402 0.6287 4.6019 9.9265 8.4342 4.0449 4.7805
Cu100cuscusRuOOH1 0.3477 7.0031 -3.2176 -3.2606 0.5360 -3.5438 2.2000 8.9670 1.5640 6.5384 2.7825 3.7562 0.9193 4.5825 7.2025 8.4820 3.5834 3.2724
Cu110bricusRuOOH1 0.1530 7.0366 -2.6011 -3.4265 0.5859 -4.2090 2.2000 8.9670 1.5640 6.9267 1.5654 5.3620 0.7575 4.6650 7.4219 7.8499 3.7959 3.4157
Cu110cuscusMOOH1 0.4303 7.3468 -1.9144 -1.8495 0.2874 -3.6884 1.9000 7.7260 1.2350 9.3926 3.4853 5.9071 0.9657 4.6702 9.8674 7.8496 3.7576 3.6121
Cu110cuscusRuOOH1 0.2118 7.3375 -1.9929 -3.6818 2.0223 -3.9803 2.2000 8.9670 1.5640 6.7857 1.6079 5.1778 0.8861 4.6650 7.3098 7.8355 3.6608 2.8829
Cu111bricusRuOOH1 0.4513 4.1757 -3.4368 -3.7148 0.8596 -3.0891 2.2000 8.9670 1.5640 6.3133 1.8442 4.4702 0.6751 4.5569 7.0640 7.0640 4.2495 2.0728
Cu111cuscusMOOH1 0.4330 4.1797 -2.5032 -2.4399 0.5149 -2.9624 1.9000 7.7260 1.2350 9.2592 3.4257 5.8346 0.4172 4.5285 9.7901 9.7901 4.0567 1.9379
Fe100cuscusMOOH1 0.3835 7.5816 -1.4742 -1.4873 1.3089 -2.6548 1.8300 7.9020 0.1530 6.0239 2.4741 3.5496 0.4963 4.6453 14.3458 10.7565 3.7911 4.6140
Fe100cuscusRuOOH1 0.2634 7.6916 -3.1009 -3.1461 0.5339 -3.6201 2.2000 8.9670 1.5640 6.6137 2.7617 3.8518 1.2558 4.6107 7.2495 10.7988 3.7233 4.2149
Fe110bricusRuOOH1 0.1040 7.3040 -1.9219 -1.3549 1.7468 -3.6000 2.2000 8.9670 1.5640 6.9749 1.5467 5.4288 0.8854 4.6797 7.4358 9.0486 3.7658 3.4129
Fe110cuscusMOOH1 0.5290 7.4904 -1.6338 -1.4295 1.2870 -3.0947 1.8300 7.9020 0.1530 5.9950 2.3556 3.6393 0.4121 4.7396 14.3576 8.9805 3.8064 3.6607
Fe110cuscusRuOOH1 0.1959 7.5735 -1.9673 -1.3342 1.8110 -3.3923 2.2000 8.9670 1.5640 6.8668 1.5955 5.2715 0.8715 4.6833 7.3618 9.0212 3.7266 3.1656
Fe111bricusRuOOH1 0.3994 4.5723 -2.4180 -1.7469 1.8367 -3.2439 2.2000 8.9670 1.5640 6.4733 1.8058 4.6673 0.8934 4.5786 7.1764 7.1764 4.2217 2.0431
Fe111cuscusMOOH1 0.4295 4.5666 -1.5511 -3.5461 1.3205 -2.5778 1.8300 7.9020 0.1530 5.9785 2.1773 3.8022 0.4016 4.5779 14.3263 14.3263 4.1853 1.9565
Ir100cuscusMOOH1 0.1561 7.1963 -1.9020 -1.8787 1.8319 -3.5156 2.2000 8.9670 1.5640 6.8976 2.8282 4.0687 0.9289 4.6404 7.4245 7.2540 3.8111 4.3182
Ir101cuscusMOOH1 0.2380 6.4277 -2.0796 -1.8335 1.8685 -3.9582 2.2000 8.9670 1.5640 6.7728 2.3947 4.3784 1.1102 4.6419 7.3549 7.2312 3.4447 3.8470
Ir111cuscusMOOH1 0.3257 5.0196 -3.0222 -3.4708 0.6979 -3.5559 2.2000 8.9670 1.5640 6.6330 1.7757 4.8574 0.8790 4.5942 7.2339 7.2339 4.1918 2.0391
Mn100cuscusMOOH1 0.4582 7.3281 -0.9804 -1.0610 1.1739 -3.0811 1.5500 7.4340 -0.5000 5.0837 2.2220 2.8617 4.2270 4.6450 13.2438 10.2206 3.8552 4.6401
Mn101cuscusMOOH1 0.4847 6.0417 -1.8733 -2.8030 0.4609 -3.9631 1.5500 7.4340 -0.5000 5.1290 1.8410 3.2874 2.4475 4.6626 13.2686 10.1875 3.5161 4.3376
Mn101cuscusRuOOH1 0.2061 6.0892 -1.9382 -1.7734 2.0922 -3.1479 2.2000 8.9670 1.5640 6.7387 2.3288 4.4093 0.9313 4.6516 7.3420 10.2445 3.3526 3.5921
Mn110bricusRuOOH1 0.1270 7.1767 -1.9215 -1.3510 1.7344 -3.6093 2.2000 8.9670 1.5640 6.9749 1.5468 5.4276 0.7946 4.6983 7.4351 8.7803 3.7639 3.4240
Mn110cuscusRuOOH1 0.1365 7.1217 -1.8854 -1.3050 1.7564 -3.3860 2.2000 8.9670 1.5640 6.9631 1.5812 5.3802 1.1139 4.7101 7.4353 8.7987 3.7172 3.1491
Mn111cuscusMOOH1 0.5815 4.6428 -0.8625 -0.4517 1.4356 -3.1019 1.5500 7.4340 -0.5000 5.1392 1.4796 3.6592 2.4700 4.6211 13.2237 13.2237 4.2777 1.9765
Mo100cuscusMOOH1 0.5819 6.7511 -0.4598 -1.5024 2.4753 -3.7585 2.1600 7.0920 0.7470 3.6808 1.6228 2.0578 0.6089 4.6112 11.5638 9.4051 3.8314 3.9831
Mo100cuscusRuOOH1 0.1570 6.9101 -2.5295 -2.6035 0.5215 -4.0327 2.2000 8.9670 1.5640 6.9677 2.9622 4.0067 1.0001 4.6349 7.4750 9.4565 3.8702 4.7189
Mo110bricusRuOOH1 0.0939 6.8289 -1.9535 -1.4263 1.6983 -3.9468 2.2000 8.9670 1.5640 7.0418 1.5177 5.5237 0.8324 4.6948 7.4915 8.3782 3.7630 3.3877
Mo110cuscusMOOH1 1.2182 7.3468 -0.2105 0.8122 2.4528 -4.1087 2.1600 7.0920 0.7470 3.9254 1.0865 2.8387 2.5640 4.6683 11.6360 8.3522 3.8233 3.5141
Mo111bricusRuOOH1 0.1905 5.5674 -2.0904 -1.8295 1.8463 -3.6431 2.2000 8.9670 1.5640 6.8277 1.6808 5.1470 0.9671 4.5763 7.3494 7.3494 4.1505 2.0104
Mo111cuscusMOOH1 0.1954 5.3069 -4.2201 -5.4619 0.2830 -3.9313 2.1600 7.0920 0.7470 3.7243 1.1599 2.5644 0.2095 4.6071 11.5323 11.5323 4.2097 1.9907
Ni100cuscusMOOH1 0.3413 7.3403 -1.7313 -1.7386 0.6119 -3.2917 1.9100 7.6400 1.1570 8.2488 3.3543 4.8944 1.1123 4.6328 8.7230 7.8720 3.8398 5.0315
Ni100cuscusRuOOH1 0.3691 7.1075 -2.8154 -2.9130 1.1541 -3.3136 2.2000 8.9670 1.5640 6.5669 2.6306 3.9364 1.1362 4.6051 7.2090 7.9665 3.6321 3.8159
Ni110bricusRuOOH1 0.1327 7.4226 -2.6494 -3.4226 0.5961 -4.3570 2.2000 8.9670 1.5640 6.9117 1.5538 5.3580 0.8435 4.6688 7.4240 7.5740 3.7937 3.3893
Ni110cuscusMOOH1 0.4154 7.3828 -1.7047 -1.5030 0.8978 -3.6686 1.9100 7.6400 1.1570 8.2681 2.5024 5.7655 0.5079 4.6958 8.7322 7.5513 3.8062 3.7390
Ni110cuscusRuOOH1 0.1634 7.4018 -2.0504 -3.6085 1.7958 -3.9044 2.2000 8.9670 1.5640 6.8276 1.6010 5.2264 0.8783 4.6635 7.3420 7.6073 3.6751 2.9573
Ni111bricusRuOOH1 0.3551 4.1734 -3.2522 -3.5393 0.8905 -3.1067 2.2000 8.9670 1.5640 6.3953 1.8176 4.5775 0.6842 4.5572 7.1233 7.1233 4.2337 1.9487
Ni111cuscusMOOH1 0.3464 4.1468 -1.8534 -2.3299 0.8988 -3.0875 1.9100 7.6400 1.1570 8.1715 2.5284 5.6428 1.1713 4.5397 8.6701 8.6701 4.1627 1.9242
Ru100cuscusMOOH1 0.3605 7.1603 -1.3811 -1.4142 1.7216 -3.1491 2.2000 7.3610 1.0460 6.0451 2.5098 3.5355 2.1815 4.6589 14.2671 10.6978 3.8222 4.3588
Ru100cuscusRuOOH1 0.1721 6.9935 -1.8156 -1.8218 1.8552 -3.0553 2.2000 8.9670 1.5640 6.9279 2.9140 4.0152 1.0990 4.6779 7.4392 10.7544 3.8350 4.3394
Ru101cuscusRuOOH1 0.4429 6.7205 -1.9436 -1.8213 2.1370 -3.6446 2.2000 8.9670 1.5640 6.7706 2.3703 4.4004 1.0162 4.6716 7.3663 10.6820 3.3373 3.7447
Ru110bricusRuOOH1 0.1164 7.2780 -1.9509 -1.3754 1.7311 -3.7361 2.2000 8.9670 1.5640 6.9827 1.5391 5.4444 0.6323 4.7004 7.4555 9.0188 3.7673 3.3868
Ru110cuscusMOOH1 0.2709 7.4371 -1.1917 -0.6084 1.7551 -3.6526 2.2000 7.3610 1.0460 6.2127 1.3449 4.8676 1.3745 4.7063 14.3367 8.9999 3.8004 3.5197
Ru110cuscusRuOOH1 0.1088 7.1752 -1.9071 -1.3305 1.7685 -3.6267 2.2000 8.9670 1.5640 7.0012 1.5394 5.4607 0.6138 4.7180 7.4411 8.9991 3.7712 3.3622
Ru111bricusRuOOH1 0.2984 5.3089 -2.9940 -3.4452 0.6961 -3.6205 2.2000 8.9670 1.5640 6.6528 1.7728 4.8795 0.8355 4.5989 7.2699 7.2699 4.1803 2.0052
Ru111cuscusMOOH1 0.5090 5.2837 -3.1279 -5.1215 0.3673 -3.7194 2.2000 7.3610 1.0460 5.8947 1.5816 4.3139 0.7968 4.6345 14.1330 14.1330 4.2100 2.0287
Ti100cuscusMOOH1 0.4243 7.3716 -3.1293 -3.0321 0.2740 -3.5276 1.5400 6.8280 0.0750 2.0794 0.8327 1.2468 0.1491 4.7022 9.8489 8.4758 3.8326 4.6900
Ti100cuscusRuOOH1 0.2502 7.7392 -3.0361 -3.0384 0.4675 -3.5801 2.2000 8.9670 1.5640 6.5911 2.8593 3.7318 2.0510 4.6493 7.2599 8.5714 3.8328 4.2584
Ti101cuscusMOOH1 0.4302 6.2080 -3.5671 -3.5174 0.2240 -3.7868 1.5400 6.8280 0.0750 2.0831 0.9204 1.1628 0.2964 4.7096 9.8251 8.4266 3.3187 4.1737
Ti110cuscusMOOH1 0.4514 7.4041 0.8840 -4.8732 2.2738 -4.4729 1.5400 6.8280 0.0750 2.0220 0.8921 1.1299 0.5948 4.7497 9.7822 7.8787 3.8248 3.7979
Ti111cuscusMOOH1 0.3826 4.8017 -3.2414 -3.9390 0.2594 -3.2127 1.5400 6.8280 0.0750 2.0972 0.8853 1.2120 0.2446 4.6592 9.8293 9.8293 4.2210 1.8585
W101cuscusRuOOH1 0.1732 6.7578 -2.6403 -2.9541 0.6382 -4.1732 2.2000 8.9670 1.5640 6.9235 2.4216 4.5009 1.6240 4.7042 7.3944 9.5045 3.4869 3.9055
W110cuscusRuOOH1 0.1420 7.2856 -1.8103 -1.3474 1.5920 -4.5930 2.2000 8.9670 1.5640 7.1319 1.5268 5.6057 1.2313 4.7402 7.5445 8.4238 3.8574 3.7080
W111bricusRuOOH1 0.1588 5.6982 -2.7946 -3.4772 0.5251 -4.1871 2.2000 8.9670 1.5640 6.8888 1.6560 5.2320 1.1542 4.6358 7.3538 7.3538 4.1344 1.9983
Zn100cuscusMOOH1 0.3643 7.0669 -5.2756 -5.2864 0.1492 -3.1111 1.6500 9.3940 -0.6000 9.9069 3.9719 5.9346 0.0275 4.6705 10.6917 8.8450 3.9472 5.2303
Zn110bricusRuOOH1 0.1294 7.2798 -2.6408 -3.5023 0.5961 -4.3008 2.2000 8.9670 1.5640 6.9043 1.5665 5.3375 0.8831 4.6762 7.4214 8.0352 3.7878 3.3712
Zn110cuscusMOOH1 0.3915 7.4009 -5.2526 -5.1615 0.3010 -3.7223 1.6500 9.3940 -0.6000 9.9074 3.9290 5.9786 0.0184 4.7134 10.6253 8.0352 3.7935 3.7629
Zn111bricusRuOOH1 0.3830 4.1911 -3.4327 -3.7063 0.8005 -3.0845 2.2000 8.9670 1.5640 6.2599 1.8337 4.4269 0.5073 4.5799 7.0651 7.0651 4.2729 2.2743
Zn111cuscusMOOH1 0.3906 4.3100 -5.5301 -5.4384 0.2409 -2.9883 1.6500 9.3940 -0.6000 9.8503 3.8804 5.9707 0.1437 4.5564 10.6094 10.6094 4.1021 1.9388
